[dat]
input_ids=71:101,3297,3300,1399,4638,5739,3152,102,1,3297,5865,1399,4638,1296,6404,2
input_mask=31:1,1,1,1,1,1,1,1,1,1,1,1,1,1,1,1
token_type_ids=31:0,0,0,0,0,0,0,0,1,1,1,1,1,1,1,1
unique_id=36:6c750f68-a32f-11eb-a4ec-98039b98c8fe
[dat]
input_ids=74:101,2372,3300,4331,4638,3625,3289,102,1,4331,4638,3625,3289,3300,784,720,2
input_mask=33:1,1,1,1,1,1,1,1,1,1,1,1,1,1,1,1,1
token_type_ids=33:0,0,0,0,0,0,0,0,1,1,1,1,1,1,1,1,1
unique_id=36:f14f6426-a32b-11eb-8886-6c92bf5bdcf7
[dat]
input_ids=75:101,4958,6444,2957,1102,1139,3341,102,1,4958,6444,1402,1102,2582,720,1215,2
input_mask=33:1,1,1,1,1,1,1,1,1,1,1,1,1,1,1,1,1
token_type_ids=33:0,0,0,0,0,0,0,0,1,1,1,1,1,1,1,1,1
unique_id=36:8662e874-a32e-11eb-8b5d-7cd30ab5dce8
[dat]
input_ids=69:101,1927,2605,839,2552,1368,2094,102,1,839,2697,1927,2605,4764,1368,2
input_mask=31:1,1,1,1,1,1,1,1,1,1,1,1,1,1,1,1
token_type_ids=31:0,0,0,0,0,0,0,0,1,1,1,1,1,1,1,1
unique_id=36:8034b33c-a32f-11eb-8d46-98039b9ce408
[dat]
input_ids=66:101,8681,7027,7481,7270,1153,5296,102,1,4510,5554,7270,1153,5296,2
input_mask=29:1,1,1,1,1,1,1,1,1,1,1,1,1,1,1
token_type_ids=29:0,0,0,0,0,0,0,0,1,1,1,1,1,1,1
unique_id=36:6b209e2a-a32f-11eb-98d3-6c92bf5be331
[dat]
input_ids=98:101,12447,8230,2940,3322,3779,1217,1126,1285,102,1,8416,8177,8204,10765,1217,1914,2208,3322,3779,2
input_mask=41:1,1,1,1,1,1,1,1,1,1,1,1,1,1,1,1,1,1,1,1,1
token_type_ids=41:0,0,0,0,0,0,0,0,0,0,1,1,1,1,1,1,1,1,1,1,1
unique_id=36:2b231c28-a32d-11eb-872c-6c92bf5c10a2
[dat]
input_ids=177:101,2577,2097,1159,3309,4568,4307,2207,5592,4578,3300,1139,6117,6186,5682,102,1,2577,2097,749,3219,3241,2218,6186,5682,1146,3789,4289,3193,677,2207,5592,4563,784,720,1333,1728,2
input_mask=75:1,1,1,1,1,1,1,1,1,1,1,1,1,1,1,1,1,1,1,1,1,1,1,1,1,1,1,1,1,1,1,1,1,1,1,1,1,1
token_type_ids=75:0,0,0,0,0,0,0,0,0,0,0,0,0,0,0,0,1,1,1,1,1,1,1,1,1,1,1,1,1,1,1,1,1,1,1,1,1,1
unique_id=36:27e318b6-a32c-11eb-97b1-7cd30ab611b4
[dat]
input_ids=86:101,6132,3385,1400,7481,3221,1310,4495,7313,102,1,1329,2792,1762,6132,3385,1400,7481,2
input_mask=37:1,1,1,1,1,1,1,1,1,1,1,1,1,1,1,1,1,1,1
token_type_ids=37:0,0,0,0,0,0,0,0,0,0,1,1,1,1,1,1,1,1,1
unique_id=36:d6ef6d46-a32c-11eb-b9f9-98039b9e5fa6
[dat]
input_ids=66:101,9386,5102,3837,2697,102,1,9386,1798,3837,6121,2595,2697,1088,2
input_mask=29:1,1,1,1,1,1,1,1,1,1,1,1,1,1,1
token_type_ids=29:0,0,0,0,0,0,1,1,1,1,1,1,1,1,1
unique_id=36:84e7fbee-a32c-11eb-ab7c-98039b9c7138
[dat]
input_ids=108:101,7028,6688,6208,6788,2692,2590,3221,784,102,1,1762,1223,7410,6845,7028,6688,6208,6788,784,720,2692,2590,2
input_mask=47:1,1,1,1,1,1,1,1,1,1,1,1,1,1,1,1,1,1,1,1,1,1,1,1
token_type_ids=47:0,0,0,0,0,0,0,0,0,0,1,1,1,1,1,1,1,1,1,1,1,1,1,1
unique_id=36:2c720e4e-a32e-11eb-a119-b8599f27767c